0: 96.0 80.0
96.0 80.0
96.0 80.0
96.0 80.0
96.0 80.0
96.0 80.0
96.0 80.0
96.0 80.0
96.0 80.0
96.0 80.0
96.0 80.0
96.0 80.0
96.0 80.0
96.0 80.0
96.0 80.0
96.0 80.0
95.0 79.0
94.0 78.0
94.0 78.0
93.0 78.0
92.0 78.0
90.0 79.0
88.0 80.0
85.0 81.0
85.0 81.0
85.0 81.0
85.0 81.0
75.0 85.0
74.0 85.0
73.0 84.0
71.0 83.0
70.0 81.0
68.0 75.0
68.0 75.0
68.0 75.0
66.0 60.0
65.0 51.0
65.0 51.0
65.0 51.0
65.0 51.0
65.0 51.0
65.0 51.0
53.0 21.0
52.0 20.0
54.0 20.0
52.0 18.0
55.0 19.0
53.0 18.0
56.0 19.0
56.0 17.0
55.0 16.0
57.0 16.0
57.0 16.0
56.0 16.0
54.0 15.0
54.0 15.0
56.0 16.0
56.0 15.0
56.0 15.0
54.0 13.0
54.0 14.0
54.0 14.0
55.0 14.0
56.0 15.0
56.0 15.0
56.0 15.0
56.0 15.0
56.0 15.0
56.0 15.0
57.0 15.0
56.0 15.0
55.0 14.0
57.0 15.0
55.0 13.0
55.0 13.0
57.0 15.0
57.0 15.0
57.0 15.0
57.0 15.0
57.0 15.0
57.0 15.0
57.0 15.0
57.0 15.0
57.0 15.0
56.0 14.0
56.0 14.0
55.0 14.0
56.0 14.0
56.0 13.0
58.0 15.0
56.0 14.0
57.0 15.0
58.0 15.0
57.0 15.0
57.0 15.0
57.0 15.0
57.0 14.0
57.0 14.0
57.0 15.0
57.0 15.0
57.0 14.0
57.0 15.0
57.0 15.0
57.0 15.0
57.0 14.0
57.0 14.0
54.0 14.0
54.0 14.0
55.0 14.0
57.0 15.0
61.0 19.0
61.0 19.0
61.0 19.0
61.0 19.0
61.0 19.0
61.0 19.0
61.0 19.0
61.0 19.0
61.0 19.0
61.0 19.0
61.0 19.0
61.0 19.0
61.0 19.0
61.0 19.0
65.0 68.0
65.0 68.0
65.0 68.0
65.0 68.0
65.0 68.0
65.0 68.0
65.0 68.0
65.0 68.0
65.0 68.0
65.0 68.0
65.0 68.0
65.0 68.0
65.0 68.0
65.0 68.0
65.0 68.0
65.0 68.0
65.0 68.0
65.0 68.0
65.0 68.0
65.0 68.0
65.0 68.0
65.0 68.0
65.0 68.0
65.0 68.0
65.0 68.0
65.0 68.0
65.0 68.0
51.0 83.0
50.0 83.0
49.0 83.0
48.0 82.0
47.0 81.0
47.0 78.0
46.0 74.0
46.0 74.0
46.0 74.0
46.0 74.0
46.0 74.0
46.0 74.0
46.0 74.0
46.0 74.0
46.0 74.0
28.0 36.0
27.0 35.0
24.0 34.0
22.0 35.0
19.0 36.0
16.0 36.0
12.0 37.0
9.0 38.0
2.0 39.0
2.0 39.0
2.0 39.0
2.0 39.0
2.0 39.0
2.0 39.0
2.0 39.0
2.0 39.0
2.0 39.0
2.0 39.0
2.0 39.0
105.0 61.0
105.0 61.0
114.0 63.0
117.0 64.0
119.0 63.0
119.0 62.0
117.0 62.0
117.0 63.0
118.0 62.0
119.0 64.0
123.0 66.0
122.0 67.0
122.0 66.0
121.0 65.0
120.0 65.0
119.0 64.0
119.0 63.0
119.0 63.0
119.0 63.0
118.0 63.0
118.0 63.0
118.0 63.0
119.0 63.0
119.0 63.0
118.0 64.0
118.0 64.0
118.0 64.0
119.0 64.0
119.0 64.0
119.0 65.0
119.0 65.0
121.0 65.0
119.0 64.0
121.0 65.0
119.0 65.0
119.0 65.0
119.0 65.0
116.0 64.0
114.0 63.0
114.0 62.0
117.0 63.0
119.0 63.0
120.0 63.0
119.0 63.0
119.0 63.0
119.0 62.0
120.0 64.0
120.0 64.0
118.0 62.0
117.0 60.0
118.0 61.0
118.0 61.0
116.0 60.0
118.0 61.0
116.0 61.0
117.0 61.0
117.0 60.0
118.0 54.0
118.0 50.0
116.0 49.0
116.0 49.0
117.0 49.0
117.0 49.0
116.0 49.0
116.0 48.0
116.0 48.0
116.0 48.0
116.0 47.0
115.0 47.0
115.0 47.0
115.0 47.0
115.0 47.0
114.0 46.0
113.0 46.0
115.0 47.0
115.0 47.0
115.0 47.0
116.0 47.0
113.0 47.0
116.0 47.0
113.0 46.0
116.0 47.0
116.0 47.0
113.0 46.0
115.0 46.0
115.0 46.0
113.0 46.0
113.0 46.0
113.0 46.0
115.0 46.0
116.0 46.0
113.0 46.0
112.0 46.0
112.0 46.0
116.0 47.0
114.0 47.0
113.0 48.0
110.0 55.0
112.0 62.0
110.0 69.0
110.0 69.0
110.0 69.0
110.0 69.0
110.0 69.0
110.0 69.0
110.0 69.0
110.0 69.0
100.0 66.0
99.0 63.0
99.0 63.0
100.0 59.0
101.0 57.0
101.0 57.0
101.0 57.0
101.0 57.0
96.0 39.0
96.0 31.0
96.0 31.0
96.0 31.0
96.0 31.0
96.0 31.0
96.0 31.0
96.0 31.0
96.0 31.0
96.0 31.0
96.0 31.0
96.0 31.0
96.0 31.0
96.0 31.0
96.0 31.0
96.0 31.0
96.0 31.0
96.0 31.0
96.0 31.0
96.0 31.0
41.0 3.0
41.0 3.0
41.0 3.0
41.0 3.0
41.0 3.0
64.0 37.0
63.0 41.0
63.0 44.0
62.0 44.0
63.0 43.0
63.0 43.0
64.0 43.0
64.0 43.0
64.0 43.0
63.0 44.0
61.0 47.0
61.0 48.0
61.0 47.0
62.0 47.0
63.0 47.0
63.0 47.0
62.0 47.0
61.0 47.0
60.0 48.0
60.0 48.0
60.0 48.0
60.0 48.0
61.0 48.0
61.0 48.0
61.0 48.0
60.0 48.0
61.0 48.0
59.0 50.0
56.0 53.0
54.0 56.0
53.0 57.0
54.0 57.0
53.0 58.0
51.0 56.0
49.0 55.0
49.0 55.0
49.0 55.0
49.0 54.0
48.0 51.0
46.0 46.0
46.0 42.0
45.0 39.0
45.0 38.0
46.0 37.0
46.0 38.0
45.0 38.0
46.0 39.0
47.0 40.0
48.0 41.0
48.0 41.0
48.0 40.0
48.0 40.0
48.0 37.0
48.0 30.0
48.0 30.0
48.0 30.0
48.0 30.0
48.0 30.0
48.0 30.0
10.0 12.0
12.0 11.0
16.0 15.0
16.0 15.0
16.0 15.0
16.0 15.0
16.0 15.0
16.0 15.0
115.0 53.0
116.0 53.0
115.0 55.0
115.0 56.0
113.0 56.0
113.0 57.0
112.0 57.0
112.0 57.0
112.0 57.0
112.0 57.0
112.0 57.0
112.0 57.0
112.0 56.0
112.0 56.0
113.0 56.0
113.0 56.0
112.0 56.0
112.0 56.0
111.0 55.0
112.0 56.0
112.0 56.0
112.0 56.0
111.0 56.0
115.0 56.0
112.0 56.0
112.0 56.0
112.0 55.0
111.0 54.0
112.0 54.0
117.0 55.0
113.0 55.0
112.0 54.0
110.0 56.0
107.0 62.0
107.0 62.0
107.0 62.0
107.0 62.0
107.0 62.0
107.0 62.0
107.0 62.0
107.0 62.0
107.0 62.0
107.0 62.0
107.0 62.0
107.0 62.0
107.0 62.0
107.0 62.0
98.0 62.0
96.0 54.0
99.0 49.0
99.0 49.0
99.0 49.0
99.0 49.0
95.0 35.0
103.0 37.0
103.0 38.0
103.0 40.0
102.0 38.0
100.0 31.0
100.0 31.0
100.0 31.0
100.0 31.0
100.0 31.0
100.0 31.0
100.0 31.0
100.0 31.0
14.0 9.0
14.0 12.0
16.0 19.0
16.0 19.0
16.0 19.0
16.0 19.0
16.0 19.0
16.0 19.0
16.0 19.0
16.0 19.0
16.0 19.0
16.0 19.0
16.0 19.0
16.0 19.0
16.0 19.0
16.0 19.0
114.0 47.0
118.0 48.0
117.0 48.0
117.0 48.0
117.0 50.0
117.0 51.0
117.0 50.0
118.0 49.0
118.0 49.0
118.0 50.0
118.0 50.0
117.0 49.0
119.0 49.0
119.0 48.0
119.0 48.0
123.0 49.0
119.0 48.0
118.0 47.0
118.0 47.0
119.0 48.0
119.0 48.0
119.0 49.0
118.0 48.0
123.0 49.0
119.0 49.0
123.0 50.0
119.0 56.0
118.0 61.0
117.0 67.0
113.0 73.0
118.0 77.0
119.0 77.0
118.0 76.0
116.0 74.0
118.0 70.0
119.0 67.0
118.0 65.0
115.0 61.0
113.0 51.0
113.0 44.0
113.0 41.0
115.0 38.0
113.0 34.0
112.0 31.0
115.0 25.0
115.0 25.0
115.0 25.0
115.0 25.0
115.0 25.0
115.0 25.0
115.0 25.0
115.0 25.0
115.0 25.0
115.0 25.0
115.0 25.0
115.0 25.0
115.0 25.0
115.0 25.0
115.0 25.0
115.0 25.0
115.0 25.0
115.0 25.0
115.0 25.0
115.0 25.0
115.0 25.0
115.0 25.0
115.0 25.0
115.0 25.0
115.0 25.0
115.0 25.0
115.0 25.0
117.0 48.0
116.0 48.0
35.0 56.0
35.0 56.0
36.0 56.0
36.0 56.0
37.0 56.0
39.0 57.0
39.0 57.0
38.0 57.0
38.0 57.0
41.0 57.0
41.0 57.0
41.0 57.0
40.0 64.0
40.0 64.0
40.0 64.0
34.0 71.0
25.0 73.0
25.0 73.0
25.0 73.0
7.0 75.0
7.0 75.0
7.0 75.0
3.0 55.0
3.0 55.0
3.0 55.0
3.0 55.0
3.0 55.0
3.0 55.0
3.0 55.0
3.0 55.0
3.0 55.0
3.0 55.0
3.0 55.0
3.0 55.0
3.0 55.0
3.0 55.0
3.0 55.0
3.0 55.0
3.0 55.0
3.0 55.0
3.0 55.0
3.0 55.0
3.0 55.0
3.0 55.0
3.0 55.0
3.0 55.0
3.0 55.0
3.0 55.0
3.0 55.0
3.0 55.0
3.0 55.0
3.0 55.0
3.0 55.0
3.0 55.0
3.0 55.0
3.0 55.0
3.0 55.0
3.0 55.0
3.0 55.0
3.0 55.0
3.0 55.0
3.0 55.0
3.0 55.0
3.0 55.0
3.0 55.0
3.0 55.0
3.0 55.0
3.0 55.0
3.0 55.0
3.0 55.0
3.0 55.0
3.0 55.0
3.0 55.0
3.0 55.0
3.0 55.0
3.0 55.0
3.0 55.0
3.0 55.0
3.0 55.0
3.0 55.0
3.0 55.0
3.0 55.0
3.0 55.0
3.0 55.0
3.0 55.0
3.0 55.0
3.0 55.0
3.0 55.0
3.0 55.0
3.0 55.0
3.0 55.0
3.0 55.0
3.0 55.0
3.0 55.0
3.0 55.0
3.0 55.0
3.0 55.0
3.0 55.0
3.0 55.0
3.0 55.0
3.0 55.0
3.0 55.0
3.0 55.0
3.0 55.0
3.0 55.0
3.0 55.0
3.0 55.0
3.0 55.0
3.0 55.0
3.0 55.0
3.0 55.0
3.0 55.0
3.0 55.0
3.0 55.0
3.0 55.0
3.0 55.0
3.0 55.0
3.0 55.0
3.0 55.0
3.0 55.0
3.0 55.0
3.0 55.0
3.0 55.0
3.0 55.0
3.0 55.0
3.0 55.0
3.0 55.0
3.0 55.0
3.0 55.0
3.0 55.0
3.0 55.0
3.0 55.0
3.0 55.0
3.0 55.0
3.0 55.0
3.0 55.0
3.0 55.0
3.0 55.0
3.0 55.0
3.0 55.0
3.0 55.0
3.0 55.0
3.0 55.0
3.0 55.0
3.0 55.0
3.0 55.0
3.0 55.0
3.0 55.0
3.0 55.0
3.0 55.0
3.0 55.0
3.0 55.0
3.0 55.0
3.0 55.0
3.0 55.0
3.0 55.0
3.0 55.0
3.0 55.0
3.0 55.0
3.0 55.0
3.0 55.0
3.0 55.0
3.0 55.0
3.0 55.0
3.0 55.0
3.0 55.0
3.0 55.0
3.0 55.0
3.0 55.0
3.0 55.0
3.0 55.0
3.0 55.0
3.0 55.0
3.0 55.0
3.0 55.0
3.0 55.0
3.0 55.0
3.0 55.0
3.0 55.0
3.0 55.0
3.0 55.0
3.0 55.0
3.0 55.0
3.0 55.0
3.0 55.0
3.0 55.0
3.0 55.0
3.0 55.0
3.0 55.0
3.0 55.0
3.0 55.0
3.0 55.0
3.0 55.0
3.0 55.0
3.0 55.0
3.0 55.0
61.0 77.0
61.0 77.0
61.0 77.0
61.0 77.0
61.0 77.0
61.0 77.0
61.0 77.0
61.0 77.0
61.0 77.0
61.0 77.0
61.0 77.0
61.0 77.0
61.0 77.0
61.0 77.0
61.0 77.0
61.0 77.0
61.0 77.0
61.0 77.0
61.0 77.0
61.0 77.0
61.0 77.0
61.0 77.0
61.0 77.0
61.0 77.0
61.0 77.0
61.0 77.0
61.0 77.0
61.0 77.0
61.0 77.0
61.0 77.0
61.0 77.0
61.0 77.0
61.0 77.0
61.0 77.0
61.0 77.0
61.0 77.0
61.0 77.0
61.0 77.0
61.0 77.0
61.0 77.0
61.0 77.0
61.0 77.0
61.0 77.0
61.0 77.0
61.0 77.0
61.0 77.0
61.0 77.0
61.0 77.0
61.0 77.0
61.0 77.0
61.0 77.0
61.0 77.0
61.0 77.0
61.0 77.0
61.0 77.0
61.0 77.0
61.0 77.0
61.0 77.0
61.0 77.0
61.0 77.0
61.0 77.0
